1 1000 500 400
2 1126 556 422
3 1247 610 444
4 1363 663 465
5 1473 713 485
6 1579 762 504
7 1680 808 522
8 1776 853 540
9 1869 897 556
10 1957 938 572
11 2041 978 588
12 2122 1017 602
13 2199 1054 616
14 2273 1090 630
15 2343 1124 642
16 2410 1157 655
17 2475 1189 666
18 2536 1219 678
19 2595 1249 688
20 2651 1277 698
21 2705 1304 708
22 2757 1331 718
23 2806 1356 726
24 2853 1380 735
25 2898 1404 743
26 2940 1426 751
27 2981 1448 759
28 3021 1469 766
29 3058 1489 773
30 3094 1508 779
31 3128 1527 785
32 3161 1545 791
33 3192 1562 797
34 3222 1578 803
35 3251 1594 808
36 3278 1610 813
37 3305 1624 818
38 3330 1639 822
39 3353 1652 827
40 3376 1665 831
41 3398 1678 835
42 3419 1690 839
43 3439 1702 842
44 3458 1713 846
45 3476 1724 849
46 3494 1735 852
47 3510 1745 855
48 3526 1754 858
49 3542 1764 861
50 3556 1773 864
51 3570 1781 866
52 3583 1790 869
53 3596 1798 871
54 3608 1805 873
55 3620 1813 875
56 3631 1820 878
57 3642 1827 880
58 3652 1833 881
59 3661 1840 883
60 3671 1846 885
61 3680 1852 887
62 3688 1857 888
63 3696 1863 890
64 3704 1868 891
65 3711 1873 892
66 3718 1878 894
67 3725 1883 895
68 3732 1887 896
69 3738 1891 897
70 3744 1895 898
71 3750 1899 900
72 3755 1903 901
73 3760 1907 901
74 3765 1911 902
75 3770 1914 903
76 3774 1917 904
77 3779 1921 905
78 3783 1924 906
79 3787 1927 906
80 3790 1929 907
81 3794 1932 908
82 3797 1935 908
83 3801 1937 909
84 3804 1940 910
85 3807 1942 910
86 3810 1944 911
87 3813 1946 911
88 3815 1949 912
89 3818 1951 912
90 3820 1952 913
91 3822 1954 913
92 3825 1956 914
93 3827 1958 914
94 3829 1960 914
95 3831 1961 915
96 3832 1963 915
97 3834 1964 915
98 3836 1966 916
99 3838 1967 916
100 3839 1968 916